8.007439323992003
0.00013736900291405618
0.0001317209971603006
0.00022987800184637308
0.0002220350143034011
0.0008353229786735028
0.0004040829953737557
0.2100116699875798
0.0058400910056661814
0.43806563699035905
0.13378305701189674
0.015559710998786613
0.13869130401872098
0.048010562983108684
0.03193559899227694
0.07795030198758468
0.10206495298189111
0.03192975799902342
0.024089205980999395
0.007981231989106163
0.04601945201284252
0.03198331801104359
0.2218631989962887
0.1340048870188184
0.07001212498289533
0.10210576900863089
0.03199243199196644
0.01607634499669075
0.007913900015410036
8.434345791989472
0.00020538398530334234
0.000558952015126124
0.0009543990017846227
0.001082475995644927
0.00020689601660706103
0.0045736670144833624
0.8019860429922119
3.890048242988996
0.05585233200690709
0.3461098950065207
0.01603533700108528
0.27601824098383076
0.6079724250012077
0.14201397297438234
0.28599042899440974
0.3238528030051384
0.008103345986455679
0.2998601070139557
0.05616131902206689
0.2440261520096101
0.06202995599596761
0.01593462302116677
0.5298852679843549
0.030073796020587906
1.0739974409807473
0.44402614497812465
Average Time: 0.4980212443380359